255 369
0 330
255 22
0 338
255 16
0 3
255 336
0 2
255 13
0 3
255 340
0 2
255 10
0 2
255 343
0 2
255 8
0 2
255 345
0 2
255 7
0 1
255 347
0 1
255 6
0 1
255 66
0 2
255 280
0 2
255 5
0 1
255 54
0 1
255 8
0 7
255 279
0 1
255 4
0 2
255 53
0 17
255 255
0 2
255 2
0 1
255 2
0 3
255 4
0 2
255 8
0 2
255 3
0 1
255 48
0 23
255 255
0 2
255 2
0 1
255 2
0 1
255 1
0 2
255 3
0 2
255 9
0 1
255 3
0 1
255 39
0 33
255 254
0 2
255 2
0 1
255 2
0 2
255 4
0 4
255 8
0 1
255 3
0 1
255 35
0 36
255 255
0 2
255 2
0 1
255 2
0 4
255 2
0 1
255 1
0 2
255 8
0 1
255 3
0 1
255 31
0 35
255 260
0 2
255 2
0 1
255 5
0 1
255 2
0 4
255 8
0 1
255 3
0 1
255 30
0 26
255 270
0 5
255 1
0 5
255 1
0 2
255 2
0 2
255 7
0 1
255 3
0 1
255 29
0 15
255 6
0 5
255 272
0 3
255 3
0 3
255 2
0 1
255 4
0 1
255 7
0 1
255 3
0 1
255 28
0 11
255 11
0 5
255 296
0 1
255 3
0 1
255 29
0 7
255 13
0 5
255 297
0 1
255 3
0 1
255 29
0 5
255 15
0 5
255 42
0 2
255 253
0 1
255 3
0 1
255 29
0 5
255 14
0 5
255 42
0 3
255 231
0 5
255 1
0 2
255 1
0 2
255 11
0 1
255 3
0 1
255 29
0 5
255 14
0 5
255 18
0 3
255 22
0 3
255 39
0 1
255 192
0 2
255 3
0 3
255 12
0 1
255 3
0 1
255 30
0 4
255 13
0 6
255 12
0 10
255 6
0 3
255 11
0 5
255 8
0 7
255 18
0 7
255 191
0 2
255 3
0 3
255 12
0 1
255 3
0 1
255 31
0 4
255 12
0 5
255 12
0 11
255 4
0 6
255 10
0 5
255 7
0 9
255 1
0 3
255 9
0 11
255 191
0 2
255 3
0 3
255 12
0 1
255 3
0 1
255 31
0 5
255 10
0 6
255 11
0 12
255 2
0 8
255 9
0 6
255 6
0 16
255 5
0 13
255 191
0 2
255 2
0 2
255 1
0 2
255 11
0 1
255 3
0 1
255 32
0 4
255 10
0 5
255 11
0 7
255 1
0 5
255 1
0 10
255 7
0 6
255 6
0 17
255 4
0 7
255 2
0 5
255 191
0 2
255 2
0 2
255 2
0 1
255 11
0 1
255 3
0 1
255 34
0 1
255 10
0 6
255 10
0 7
255 2
0 5
255 1
0 10
255 5
0 7
255 6
0 8
255 3
0 7
255 4
0 6
255 3
0 5
255 211
0 1
255 3
0 1
255 45
0 5
255 11
0 6
255 3
0 5
255 5
0 7
255 3
0 7
255 6
0 7
255 5
0 7
255 4
0 6
255 2
0 5
255 212
0 1
255 3
0 1
255 45
0 5
255 10
0 6
255 4
0 5
255 6
0 6
255 2
0 6
255 7
0 7
255 5
0 7
255 5
0 6
255 3
0 3
255 213
0 1
255 3
0 1
255 44
0 6
255 8
0 7
255 4
0 5
255 7
0 13
255 7
0 7
255 5
0 8
255 5
0 7
255 218
0 1
255 3
0 1
255 44
0 5
255 8
0 17
255 8
0 10
255 8
0 7
255 5
0 8
255 7
0 6
255 218
0 1
255 3
0 1
255 43
0 6
255 9
0 15
255 9
0 9
255 8
0 7
255 5
0 9
255 7
0 7
255 217
0 1
255 3
0 1
255 42
0 6
255 10
0 13
255 12
0 6
255 10
0 6
255 5
0 9
255 9
0 6
255 217
0 1
255 3
0 1
255 42
0 6
255 9
0 6
255 19
0 7
255 9
0 6
255 5
0 12
255 7
0 6
255 217
0 1
255 3
0 1
255 42
0 6
255 9
0 6
255 9
0 3
255 6
0 8
255 9
0 5
255 5
0 14
255 7
0 6
255 216
0 1
255 3
0 1
255 41
0 6
255 10
0 5
255 9
0 4
255 4
0 10
255 8
0 6
255 3
0 6
255 1
0 8
255 8
0 6
255 216
0 1
255 3
0 1
255 41
0 6
255 9
0 6
255 7
0 5
255 4
0 12
255 6
0 6
255 3
0 6
255 1
0 8
255 10
0 5
255 216
0 1
255 3
0 1
255 40
0 7
255 9
0 6
255 6
0 5
255 4
0 5
255 2
0 6
255 6
0 6
255 2
0 6
255 2
0 8
255 10
0 5
255 216
0 1
255 3
0 1
255 40
0 6
255 10
0 6
255 3
0 7
255 3
0 6
255 4
0 6
255 5
0 5
255 2
0 5
255 4
0 7
255 10
0 6
255 216
0 1
255 3
0 1
255 39
0 7
255 10
0 6
255 1
0 8
255 3
0 6
255 5
0 10
255 1
0 11
255 5
0 6
255 5
0 11
255 217
0 1
255 3
0 1
255 39
0 7
255 11
0 13
255 3
0 6
255 6
0 21
255 5
0 7
255 1
0 14
255 38
0 6
255 6
0 7
255 4
0 3
255 1
0 4
255 4
0 3
255 2
0 8
255 3
0 7
255 9
0 2
255 7
0 3
255 6
0 4
255 4
0 9
255 2
0 3
255 4
0 3
255 3
0 6
255 4
0 8
255 45
0 1
255 3
0 1
255 38
0 7
255 13
0 10
255 4
0 6
255 8
0 8
255 2
0 9
255 7
0 5
255 1
0 13
255 40
0 8
255 3
0 9
255 3
0 3
255 1
0 4
255 4
0 3
255 2
0 9
255 1
0 9
255 7
0 4
255 6
0 4
255 3
0 8
255 2
0 9
255 2
0 4
255 3
0 3
255 2
0 8
255 3
0 8
255 45
0 1
255 3
0 1
255 39
0 6
255 15
0 6
255 5
0 6
255 10
0 6
255 4
0 6
255 9
0 5
255 2
0 11
255 41
0 9
255 2
0 10
255 2
0 3
255 2
0 3
255 3
0 4
255 2
0 8
255 2
0 10
255 6
0 4
255 6
0 4
255 2
0 9
255 2
0 9
255 2
0 4
255 3
0 3
255 2
0 3
255 1
0 4
255 3
0 8
255 45
0 1
255 3
0 1
255 41
0 2
255 27
0 6
255 12
0 2
255 9
0 2
255 14
0 1
255 55
0 3
255 3
0 3
255 2
0 4
255 2
0 4
255 2
0 3
255 2
0 4
255 2
0 4
255 1
0 4
255 7
0 4
255 2
0 4
255 6
0 4
255 6
0 4
255 2
0 3
255 3
0 3
255 2
0 4
255 7
0 5
255 2
0 3
255 2
0 4
255 2
0 2
255 2
0 4
255 50
0 1
255 3
0 1
255 70
0 5
255 96
0 3
255 3
0 3
255 2
0 10
255 2
0 3
255 3
0 3
255 2
0 3
255 2
0 9
255 2
0 4
255 2
0 3
255 7
0 4
255 6
0 4
255 1
0 4
255 8
0 8
255 3
0 6
255 1
0 3
255 2
0 7
255 4
0 8
255 45
0 1
255 3
0 1
255 69
0 5
255 97
0 3
255 3
0 4
255 1
0 9
255 3
0 3
255 3
0 3
255 2
0 3
255 2
0 9
255 2
0 9
255 7
0 4
255 6
0 4
255 1
0 4
255 8
0 9
255 2
0 10
255 3
0 7
255 3
0 8
255 45
0 1
255 3
0 1
255 68
0 6
255 97
0 3
255 3
0 4
255 1
0 8
255 3
0 4
255 3
0 7
255 3
0 9
255 2
0 8
255 8
0 4
255 6
0 4
255 1
0 4
255 8
0 8
255 3
0 3
255 1
0 6
255 4
0 7
255 2
0 7
255 46
0 1
255 3
0 1
255 68
0 5
255 98
0 3
255 3
0 3
255 2
0 4
255 1
0 4
255 3
0 3
255 4
0 6
255 3
0 4
255 7
0 4
255 1
0 4
255 7
0 4
255 6
0 4
255 2
0 3
255 3
0 4
255 1
0 4
255 7
0 3
255 1
0 6
255 2
0 3
255 2
0 4
255 1
0 4
255 50
0 1
255 3
0 1
255 68
0 5
255 97
0 10
255 2
0 4
255 2
0 3
255 3
0 3
255 4
0 6
255 3
0 9
255 2
0 4
255 1
0 4
255 7
0 8
255 2
0 4
255 2
0 10
255 1
0 4
255 1
0 1
255 1
0 1
255 3
0 3
255 2
0 5
255 1
0 4
255 2
0 4
255 2
0 8
255 45
0 1
255 3
0 1
255 69
0 4
255 98
0 8
255 3
0 4
255 2
0 4
255 2
0 3
255 4
0 5
255 4
0 10
255 1
0 4
255 2
0 4
255 6
0 9
255 1
0 4
255 3
0 8
255 2
0 9
255 2
0 3
255 3
0 4
255 2
0 8
255 3
0 8
255 45
0 1
255 3
0 1
255 69
0 4
255 98
0 7
255 4
0 4
255 3
0 3
255 2
0 3
255 5
0 4
255 4
0 9
255 2
0 4
255 2
0 4
255 6
0 9
255 1
0 4
255 4
0 6
255 3
0 9
255 2
0 3
255 3
0 4
255 3
0 6
255 4
0 9
255 44
0 1
255 3
0 1
255 20
0 5
255 46
0 3
255 277
0 1
255 3
0 1
255 18
0 4
255 1
0 1
255 36
0 1
255 290
0 1
255 3
0 1
255 16
0 3
255 40
0 3
255 225
0 1
255 63
0 1
255 3
0 1
255 15
0 2
255 41
0 2
255 1
0 1
255 289
0 1
255 3
0 1
255 14
0 1
255 43
0 1
255 1
0 2
255 289
0 1
255 3
0 1
255 13
0 1
255 10
0 1
255 6
0 4
255 22
0 2
255 1
0 1
255 290
0 1
255 3
0 1
255 14
0 1
255 9
0 7
255 17
0 2
255 7
0 1
255 2
0 1
255 5
0 2
255 7
0 2
255 274
0 1
255 3
0 1
255 14
0 3
255 2
0 6
255 22
0 2
255 8
0 1
255 8
0 2
255 7
0 1
255 275
0 1
255 3
0 1
255 16
0 4
255 2
0 2
255 10
0 1
255 11
0 2
255 9
0 1
255 7
0 2
255 8
0 1
255 275
0 1
255 3
0 1
255 18
0 2
255 1
0 3
255 2
0 1
255 7
0 1
255 9
0 2
255 11
0 1
255 7
0 2
255 7
0 1
255 9
0 9
255 1
0 2
255 1
0 2
255 1
0 5
255 246
0 1
255 3
0 1
255 17
0 11
255 1
0 2
255 2
0 9
255 2
0 12
255 1
0 1
255 6
0 7
255 1
0 6
255 6
0 11
255 3
0 7
255 246
0 1
255 3
0 1
255 14
0 91
255 32
0 2
255 5
0 4
255 5
0 4
255 7
0 3
255 3
0 6
255 4
0 4
255 3
0 7
255 4
0 4
255 149
0 1
255 3
0 1
255 13
0 92
255 31
0 3
255 4
0 6
255 3
0 6
255 6
0 3
255 3
0 6
255 3
0 6
255 2
0 8
255 1
0 7
255 69
0 2
255 5
0 4
255 3
0 4
255 61
0 1
255 3
0 1
255 13
0 92
255 30
0 4
255 3
0 3
255 2
0 3
255 1
0 3
255 2
0 2
255 5
0 4
255 3
0 2
255 7
0 2
255 2
0 2
255 6
0 3
255 2
0 3
255 2
0 2
255 68
0 4
255 4
0 4
255 3
0 4
255 61
0 1
255 3
0 1
255 14
0 91
255 29
0 5
255 4
0 1
255 3
0 3
255 6
0 2
255 4
0 5
255 3
0 2
255 6
0 3
255 10
0 2
255 3
0 2
255 3
0 2
255 68
0 4
255 4
0 4
255 2
0 5
255 61
0 1
255 3
0 1
255 14
0 91
255 29
0 1
255 2
0 2
255 8
0 3
255 4
0 4
255 4
0 5
255 3
0 5
255 3
0 6
255 6
0 3
255 4
0 6
255 67
0 6
255 3
0 5
255 1
0 5
255 61
0 1
255 3
0 1
255 14
0 91
255 13
0 4
255 2
0 2
255 11
0 2
255 7
0 3
255 5
0 3
255 4
0 2
255 1
0 3
255 2
0 7
255 2
0 7
255 5
0 2
255 5
0 5
255 39
0 3
255 2
0 2
255 22
0 2
255 2
0 2
255 3
0 5
255 1
0 5
255 61
0 1
255 3
0 1
255 14
0 91
255 3
0 1
255 9
0 5
255 1
0 2
255 11
0 2
255 6
0 3
255 8
0 2
255 2
0 3
255 1
0 3
255 3
0 1
255 3
0 3
255 1
0 3
255 2
0 2
255 5
0 2
255 4
0 3
255 1
0 3
255 28
0 2
255 7
0 5
255 1
0 2
255 22
0 2
255 2
0 2
255 3
0 5
255 1
0 5
255 61
0 1
255 3
0 1
255 14
0 91
255 3
0 1
255 4
0 1
255 4
0 1
255 3
0 1
255 1
0 2
255 11
0 2
255 5
0 3
255 9
0 3
255 1
0 8
255 6
0 3
255 1
0 3
255 2
0 3
255 3
0 2
255 5
0 2
255 3
0 2
255 28
0 1
255 1
0 1
255 6
0 2
255 4
0 2
255 1
0 4
255 1
0 3
255 1
0 4
255 7
0 8
255 2
0 2
255 1
0 8
255 61
0 1
255 3
0 1
255 14
0 91
255 2
0 2
255 2
0 3
255 4
0 2
255 2
0 1
255 1
0 2
255 11
0 2
255 4
0 3
255 5
0 2
255 3
0 3
255 1
0 8
255 2
0 1
255 3
0 3
255 1
0 3
255 2
0 3
255 3
0 2
255 5
0 2
255 3
0 3
255 27
0 1
255 1
0 1
255 6
0 1
255 5
0 2
255 1
0 8
255 1
0 2
255 1
0 1
255 7
0 8
255 2
0 2
255 1
0 4
255 1
0 3
255 61
0 1
255 3
0 1
255 14
0 91
255 1
0 1
255 1
0 1
255 1
0 1
255 2
0 1
255 4
0 2
255 2
0 1
255 1
0 2
255 11
0 2
255 4
0 6
255 2
0 3
255 2
0 2
255 6
0 3
255 2
0 3
255 2
0 2
255 2
0 3
255 2
0 2
255 4
0 2
255 5
0 3
255 2
0 2
255 28
0 3
255 6
0 2
255 2
0 1
255 1
0 2
255 1
0 4
255 1
0 4
255 1
0 3
255 6
0 3
255 4
0 3
255 1
0 2
255 2
0 3
255 1
0 3
255 61
0 1
255 3
0 1
255 14
0 42
255 1
0 48
255 3
0 1
255 1
0 2
255 1
0 1
255 4
0 5
255 1
0 5
255 8
0 2
255 3
0 8
255 2
0 6
255 6
0 3
255 3
0 6
255 3
0 6
255 4
0 2
255 6
0 6
255 30
0 1
255 6
0 5
255 1
0 4
255 1
0 4
255 1
0 4
255 1
0 2
255 5
0 3
255 4
0 3
255 1
0 2
255 2
0 3
255 1
0 3
255 31
0 1
255 29
0 1
255 3
0 1
255 14
0 91
255 6
0 1
255 6
0 4
255 2
0 5
255 8
0 2
255 3
0 7
255 4
0 4
255 8
0 1
255 5
0 4
255 5
0 4
255 5
0 1
255 8
0 4
255 30
0 1
255 8
0 3
255 3
0 1
255 1
0 4
255 1
0 3
255 2
0 3
255 6
0 2
255 6
0 2
255 1
0 2
255 2
0 3
255 1
0 2
255 62
0 1
255 3
0 1
255 14
0 39
255 5
0 1
255 1
0 45
255 175
0 1
255 7
0 1
255 62
0 1
255 3
0 1
255 14
0 91
255 183
0 1
255 62
0 1
255 3
0 1
255 14
0 91
255 246
0 1
255 3
0 1
255 14
0 91
255 31
0 3
255 3
0 7
255 3
0 2
255 2
0 4
255 4
0 4
255 4
0 2
255 2
0 4
255 4
0 4
255 5
0 3
255 5
0 4
255 60
0 2
255 4
0 2
255 2
0 1
255 4
0 2
255 3
0 2
255 6
0 3
255 5
0 2
255 2
0 3
255 6
0 2
255 7
0 1
255 6
0 2
255 19
0 1
255 3
0 1
255 14
0 91
255 30
0 5
255 2
0 7
255 3
0 2
255 1
0 6
255 2
0 6
255 3
0 2
255 1
0 6
255 3
0 5
255 3
0 5
255 3
0 6
255 57
0 5
255 2
0 8
255 2
0 2
255 1
0 6
255 3
0 5
255 4
0 2
255 1
0 6
255 2
0 5
255 5
0 3
255 3
0 5
255 18
0 1
255 3
0 1
255 14
0 38
255 2
0 51
255 29
0 3
255 1
0 3
255 5
0 2
255 4
0 1
255 2
0 2
255 2
0 2
255 2
0 2
255 2
0 2
255 3
0 2
255 1
0 2
255 2
0 2
255 2
0 2
255 2
0 2
255 2
0 3
255 1
0 3
255 1
0 3
255 2
0 2
255 57
0 2
255 1
0 3
255 2
0 6
255 3
0 2
255 1
0 2
255 2
0 2
255 2
0 3
255 1
0 2
255 3
0 2
255 1
0 3
255 1
0 3
255 2
0 2
255 1
0 3
255 3
0 4
255 3
0 2
255 2
0 2
255 17
0 1
255 3
0 1
255 14
0 37
255 4
0 50
255 29
0 2
255 3
0 2
255 5
0 2
255 3
0 2
255 6
0 2
255 2
0 2
255 2
0 2
255 3
0 1
255 6
0 3
255 1
0 2
255 2
0 3
255 1
0 2
255 3
0 2
255 1
0 2
255 62
0 2
255 2
0 2
255 5
0 3
255 3
0 2
255 1
0 1
255 3
0 2
255 2
0 2
255 2
0 3
255 2
0 2
255 1
0 2
255 3
0 2
255 1
0 3
255 2
0 2
255 2
0 5
255 3
0 1
255 3
0 2
255 17
0 1
255 3
0 1
255 14
0 38
255 2
0 51
255 13
0 1
255 15
0 2
255 3
0 2
255 4
0 2
255 4
0 2
255 4
0 3
255 3
0 2
255 2
0 2
255 2
0 2
255 6
0 2
255 2
0 2
255 2
0 3
255 1
0 2
255 3
0 2
255 1
0 6
255 37
0 5
255 15
0 3
255 2
0 2
255 5
0 2
255 4
0 1
255 5
0 3
255 2
0 2
255 3
0 2
255 2
0 2
255 6
0 2
255 1
0 3
255 2
0 2
255 2
0 1
255 2
0 2
255 7
0 2
255 17
0 1
255 3
0 1
255 14
0 39
255 2
0 50
255 13
0 1
255 15
0 2
255 3
0 2
255 4
0 2
255 4
0 2
255 4
0 4
255 2
0 2
255 2
0 2
255 2
0 2
255 5
0 3
255 2
0 2
255 2
0 3
255 1
0 2
255 3
0 2
255 1
0 3
255 1
0 3
255 36
0 5
255 15
0 3
255 2
0 2
255 4
0 2
255 4
0 2
255 4
0 4
255 2
0 2
255 3
0 2
255 2
0 1
255 6
0 2
255 2
0 3
255 2
0 2
255 4
0 3
255 6
0 2
255 18
0 1
255 3
0 1
255 14
0 38
255 3
0 1
255 1
0 48
255 2
0 2
255 9
0 1
255 1
0 4
255 1
0 4
255 5
0 2
255 3
0 2
255 3
0 2
255 5
0 1
255 7
0 2
255 2
0 2
255 2
0 2
255 2
0 2
255 4
0 3
255 3
0 2
255 2
0 3
255 1
0 2
255 3
0 2
255 1
0 2
255 3
0 2
255 26
0 1
255 2
0 1
255 6
0 2
255 4
0 1
255 1
0 7
255 5
0 3
255 2
0 2
255 4
0 2
255 4
0 2
255 6
0 2
255 2
0 2
255 3
0 2
255 2
0 1
255 5
0 3
255 2
0 3
255 2
0 2
255 4
0 3
255 5
0 3
255 18
0 1
255 3
0 1
255 14
0 37
255 3
0 3
255 1
0 47
255 2
0 2
255 2
0 2
255 5
0 1
255 1
0 2
255 1
0 1
255 1
0 3
255 6
0 2
255 3
0 2
255 3
0 2
255 4
0 2
255 7
0 2
255 2
0 2
255 2
0 2
255 2
0 1
255 4
0 3
255 4
0 2
255 2
0 3
255 1
0 2
255 2
0 3
255 1
0 3
255 2
0 2
255 25
0 2
255 2
0 3
255 4
0 5
255 1
0 3
255 1
0 2
255 1
0 2
255 5
0 3
255 2
0 2
255 3
0 3
255 4
0 2
255 6
0 3
255 1
0 2
255 3
0 2
255 1
0 2
255 4
0 3
255 3
0 3
255 2
0 2
255 5
0 2
255 4
0 3
255 19
0 1
255 3
0 1
255 14
0 40
255 1
0 50
255 1
0 1
255 1
0 1
255 2
0 3
255 4
0 1
255 1
0 4
255 1
0 4
255 5
0 3
255 1
0 2
255 4
0 2
255 4
0 2
255 2
0 3
255 2
0 2
255 2
0 2
255 2
0 2
255 2
0 1
255 3
0 3
255 5
0 2
255 2
0 2
255 2
0 3
255 1
0 2
255 2
0 3
255 2
0 2
255 25
0 3
255 1
0 1
255 1
0 1
255 4
0 2
255 5
0 2
255 1
0 2
255 2
0 1
255 6
0 2
255 2
0 2
255 3
0 2
255 5
0 1
255 3
0 2
255 2
0 3
255 1
0 2
255 2
0 3
255 1
0 2
255 3
0 3
255 5
0 2
255 2
0 2
255 4
0 2
255 4
0 3
255 20
0 1
255 3
0 1
255 14
0 38
255 2
0 51
255 2
0 2
255 1
0 1
255 2
0 1
255 4
0 1
255 1
0 2
255 1
0 1
255 1
0 1
255 1
0 2
255 6
0 5
255 4
0 2
255 4
0 2
255 3
0 6
255 2
0 6
255 1
0 2
255 3
0 7
255 2
0 5
255 3
0 5
255 3
0 5
255 26
0 3
255 1
0 1
255 1
0 1
255 4
0 5
255 1
0 3
255 1
0 5
255 6
0 6
255 3
0 2
255 4
0 2
255 3
0 6
255 2
0 6
255 2
0 2
255 2
0 7
255 2
0 6
255 4
0 2
255 4
0 6
255 17
0 1
255 3
0 1
255 14
0 37
255 2
0 1
255 1
0 50
255 3
0 1
255 2
0 1
255 6
0 1
255 2
0 3
255 1
0 4
255 7
0 3
255 5
0 1
255 5
0 1
255 5
0 3
255 5
0 4
255 2
0 2
255 3
0 6
255 4
0 3
255 5
0 3
255 5
0 3
255 31
0 2
255 5
0 7
255 1
0 7
255 7
0 4
255 4
0 2
255 4
0 2
255 4
0 4
255 4
0 5
255 2
0 1
255 3
0 7
255 3
0 4
255 5
0 2
255 3
0 7
255 17
0 1
255 3
0 1
255 14
0 91
255 147
0 2
255 97
0 1
255 3
0 1
255 14
0 39
255 2
0 50
255 148
0 1
255 97
0 1
255 3
0 1
255 14
0 39
255 1
0 51
255 246
0 1
255 3
0 1
255 14
0 91
255 246
0 1
255 3
0 1
255 14
0 91
255 38
0 2
255 10
0 1
255 4
0 2
255 4
0 1
255 7
0 2
255 7
0 1
255 5
0 2
255 6
0 1
255 10
0 2
255 5
0 2
255 134
0 1
255 3
0 1
255 14
0 2
255 3
0 1
255 1
0 84
255 37
0 5
255 2
0 8
255 3
0 2
255 2
0 5
255 4
0 5
255 4
0 2
255 4
0 3
255 4
0 5
255 3
0 8
255 2
0 6
255 132
0 1
255 3
0 1
255 14
0 3
255 2
0 1
255 1
0 84
255 36
0 2
255 2
0 2
255 2
0 8
255 3
0 2
255 1
0 3
255 1
0 3
255 2
0 3
255 1
0 3
255 3
0 2
255 3
0 4
255 3
0 3
255 1
0 3
255 2
0 7
255 3
0 2
255 2
0 2
255 132
0 1
255 3
0 1
255 14
0 2
255 5
0 84
255 36
0 2
255 2
0 3
255 6
0 2
255 4
0 1
255 2
0 2
255 2
0 3
255 2
0 2
255 2
0 3
255 3
0 2
255 2
0 5
255 3
0 2
255 3
0 2
255 6
0 3
255 2
0 2
255 4
0 1
255 132
0 1
255 3
0 1
255 14
0 3
255 4
0 84
255 35
0 3
255 2
0 3
255 5
0 2
255 4
0 2
255 6
0 3
255 2
0 2
255 3
0 2
255 3
0 1
255 3
0 1
255 1
0 3
255 3
0 2
255 3
0 3
255 5
0 2
255 3
0 2
255 2
0 1
255 134
0 1
255 3
0 1
255 14
0 6
255 1
0 37
255 1
0 46
255 21
0 2
255 12
0 3
255 2
0 3
255 4
0 3
255 4
0 2
255 5
0 3
255 3
0 2
255 3
0 2
255 2
0 2
255 5
0 3
255 3
0 2
255 3
0 3
255 4
0 2
255 4
0 7
255 132
0 1
255 3
0 1
255 14
0 6
255 1
0 40
255 2
0 2
255 1
0 39
255 13
0 5
255 2
0 4
255 2
0 5
255 4
0 3
255 2
0 3
255 4
0 2
255 5
0 2
255 5
0 4
255 2
0 2
255 3
0 2
255 2
0 2
255 5
0 3
255 3
0 8
255 4
0 2
255 4
0 3
255 2
0 2
255 132
0 1
255 3
0 1
255 14
0 3
255 4
0 84
255 1
0 3
255 9
0 1
255 3
0 1
255 1
0 2
255 2
0 2
255 1
0 2
255 2
0 1
255 4
0 3
255 2
0 3
255 4
0 2
255 5
0 1
255 8
0 2
255 2
0 2
255 3
0 2
255 2
0 2
255 5
0 3
255 4
0 7
255 3
0 2
255 5
0 2
255 3
0 3
255 67
0 1
255 63
0 1
255 3
0 1
255 14
0 3
255 4
0 42
255 1
0 1
255 1
0 5
255 1
0 1
255 1
0 31
255 3
0 1
255 9
0 1
255 3
0 3
255 4
0 1
255 1
0 5
255 4
0 3
255 2
0 3
255 3
0 2
255 5
0 2
255 8
0 2
255 2
0 2
255 3
0 2
255 2
0 1
255 6
0 3
255 8
0 2
255 4
0 2
255 5
0 2
255 3
0 3
255 59
0 1
255 7
0 3
255 6
0 2
255 8
0 1
255 44
0 1
255 3
0 1
255 14
0 3
255 2
0 47
255 2
0 1
255 3
0 1
255 2
0 30
255 3
0 1
255 9
0 1
255 3
0 1
255 1
0 1
255 3
0 2
255 1
0 2
255 2
0 1
255 5
0 2
255 2
0 3
255 3
0 2
255 5
0 2
255 3
0 2
255 3
0 2
255 2
0 2
255 2
0 3
255 1
0 2
255 6
0 3
255 3
0 2
255 3
0 2
255 4
0 2
255 5
0 3
255 2
0 3
255 59
0 1
255 7
0 3
255 8
0 2
255 5
0 2
255 44
0 1
255 3
0 1
255 14
0 2
255 4
0 42
255 1
0 2
255 2
0 1
255 4
0 1
255 2
0 30
255 3
0 1
255 9
0 2
255 1
0 2
255 1
0 2
255 2
0 2
255 1
0 2
255 2
0 1
255 5
0 6
255 4
0 2
255 5
0 2
255 3
0 7
255 2
0 6
255 2
0 2
255 6
0 3
255 3
0 7
255 4
0 2
255 6
0 6
255 59
0 2
255 32
0 1
255 38
0 1
255 3
0 1
255 14
0 3
255 3
0 42
255 1
0 6
255 7
0 29
255 2
0 2
255 9
0 4
255 3
0 4
255 2
0 5
255 6
0 4
255 5
0 2
255 5
0 1
255 5
0 5
255 4
0 5
255 2
0 2
255 6
0 3
255 4
0 5
255 5
0 2
255 7
0 4
255 62
0 1
255 70
0 1
255 3
0 1
255 14
0 2
255 5
0 41
255 1
0 7
255 2
0 1
255 4
0 28
255 175
0 1
255 6
0 3
255 7
0 1
255 53
0 1
255 3
0 1
255 14
0 3
255 4
0 40
255 1
0 10
255 6
0 27
255 246
0 1
255 3
0 1
255 14
0 3
255 4
0 37
255 4
0 5
255 1
0 3
255 8
0 26
255 246
0 1
255 3
0 1
255 14
0 4
255 3
0 25
255 1
0 1
255 5
0 4
255 4
0 4
255 2
0 2
255 11
0 25
255 246
0 1
255 3
0 1
255 14
0 3
255 3
0 24
255 9
0 2
255 5
0 5
255 2
0 2
255 12
0 24
255 246
0 1
255 3
0 1
255 14
0 3
255 4
0 22
255 4
0 1
255 11
0 4
255 3
0 2
255 13
0 24
255 246
0 1
255 3
0 1
255 14
0 30
255 35
0 26
255 246
0 1
255 3
0 1
255 14
0 4
255 3
0 21
255 9
0 1
255 28
0 25
255 246
0 1
255 3
0 1
255 14
0 3
255 3
0 21
255 40
0 24
255 7
0 5
255 4
0 2
255 3
0 3
255 2
0 2
255 2
0 5
255 1
0 2
255 5
0 5
255 198
0 1
255 3
0 1
255 14
0 3
255 3
0 22
255 2
0 5
255 26
0 1
255 4
0 25
255 7
0 2
255 2
0 1
255 3
0 3
255 3
0 3
255 1
0 3
255 2
0 1
255 3
0 1
255 1
0 2
255 5
0 1
255 202
0 1
255 3
0 1
255 14
0 6
255 1
0 18
255 1
0 12
255 19
0 8
255 4
0 22
255 2
0 1
255 4
0 3
255 5
0 1
255 1
0 2
255 2
0 3
255 1
0 3
255 2
0 1
255 3
0 1
255 1
0 2
255 5
0 5
255 198
0 1
255 3
0 1
255 14
0 25
255 2
0 11
255 19
0 8
255 4
0 22
255 1
0 2
255 5
0 4
255 2
0 2
255 1
0 2
255 2
0 7
255 2
0 5
255 1
0 2
255 5
0 5
255 198
0 1
255 3
0 1
255 14
0 2
255 5
0 18
255 1
0 5
255 1
0 4
255 21
0 5
255 1
0 3
255 3
0 22
255 2
0 1
255 8
0 2
255 1
0 6
255 1
0 5
255 1
0 1
255 2
0 2
255 4
0 2
255 5
0 1
255 202
0 1
255 3
0 1
255 14
0 4
255 1
0 1
255 1
0 23
255 2
0 4
255 22
0 4
255 1
0 4
255 1
0 23
255 2
0 1
255 4
0 2
255 2
0 2
255 1
0 2
255 1
0 3
255 1
0 5
255 1
0 1
255 2
0 1
255 6
0 1
255 5
0 2
255 201
0 1
255 3
0 1
255 14
0 3
255 1
0 2
255 1
0 18
255 3
0 4
255 1
0 1
255 26
0 1
255 1
0 4
255 4
0 21
255 2
0 1
255 5
0 4
255 1
0 2
255 4
0 1
255 1
0 2
255 1
0 2
255 1
0 1
255 2
0 1
255 6
0 5
255 1
0 5
255 198
0 1
255 3
0 1
255 14
0 24
255 4
0 6
255 26
0 2
255 1
0 2
255 5
0 21
255 246
0 1
255 3
0 1
255 14
0 24
255 5
0 4
255 30
0 2
255 5
0 21
255 246
0 1
255 3
0 1
255 14
0 24
255 46
0 21
255 246
0 1
255 3
0 1
255 14
0 24
255 46
0 21
255 10
0 1
255 3
0 3
255 3
0 2
255 2
0 2
255 1
0 2
255 2
0 5
255 2
0 5
255 203
0 1
255 3
0 1
255 14
0 24
255 46
0 21
255 10
0 1
255 3
0 3
255 3
0 3
255 1
0 2
255 1
0 2
255 1
0 2
255 2
0 2
255 2
0 1
255 128
0 4
255 1
0 3
255 3
0 4
255 5
0 1
255 3
0 9
255 3
0 3
255 40
0 1
255 3
0 1
255 14
0 3
255 4
0 16
255 47
0 21
255 2
0 2
255 5
0 2
255 3
0 3
255 3
0 3
255 1
0 2
255 1
0 2
255 1
0 2
255 6
0 2
255 131
0 1
255 6
0 3
255 10
0 4
255 1
0 4
255 5
0 3
255 1
0 1
255 3
0 1
255 32
0 1
255 3
0 1
255 14
0 23
255 46
0 22
255 4
0 1
255 4
0 2
255 2
0 2
255 1
0 2
255 2
0 6
255 1
0 2
255 1
0 2
255 6
0 5
255 139
0 1
255 9
0 2
255 2
0 4
255 5
0 5
255 3
0 2
255 31
0 1
255 3
0 1
255 14
0 23
255 46
0 22
255 3
0 1
255 5
0 2
255 2
0 5
255 2
0 2
255 1
0 3
255 1
0 2
255 1
0 2
255 6
0 1
255 133
0 1
255 5
0 1
255 24
0 3
255 1
0 3
255 3
0 4
255 3
0 1
255 25
0 1
255 3
0 1
255 14
0 16
255 1
0 7
255 46
0 21
255 2
0 1
255 3
0 2
255 1
0 2
255 1
0 7
255 1
0 2
255 1
0 3
255 1
0 2
255 1
0 2
255 2
0 2
255 2
0 1
255 124
0 1
255 6
0 5
255 7
0 1
255 15
0 2
255 3
0 2
255 1
0 4
255 2
0 5
255 3
0 1
255 25
0 1
255 3
0 1
255 14
0 6
255 1
0 17
255 45
0 4
255 1
0 17
255 2
0 2
255 3
0 4
255 1
0 2
255 3
0 2
255 1
0 2
255 2
0 2
255 1
0 2
255 2
0 5
255 2
0 5
255 138
0 2
255 20
0 2
255 2
0 3
255 3
0 4
255 29
0 1
255 3
0 1
255 14
0 3
255 4
0 17
255 45
0 3
255 2
0 17
255 182
0 1
255 25
0 2
255 3
0 1
255 32
0 1
255 3
0 1
255 14
0 24
255 44
0 3
255 4
0 16
255 181
0 1
255 25
0 2
255 4
0 1
255 32
0 1
255 3
0 1
255 14
0 24
255 45
0 2
255 3
0 17
255 181
0 1
255 64
0 1
255 3
0 1
255 14
0 25
255 42
0 5
255 1
0 18
255 181
0 1
255 64
0 1
255 3
0 1
255 14
0 21
255 1
0 4
255 14
0 4
255 6
0 2
255 15
0 4
255 2
0 18
255 181
0 1
255 5
0 2
255 57
0 1
255 3
0 1
255 14
0 25
255 19
0 1
255 4
0 1
255 17
0 5
255 1
0 18
255 181
0 1
255 25
0 1
255 38
0 1
255 3
0 1
255 14
0 27
255 20
0 1
255 18
0 25
255 181
0 1
255 9
0 1
255 1
0 1
255 13
0 2
255 37
0 1
255 3
0 1
255 14
0 26
255 40
0 25
255 181
0 1
255 12
0 3
255 49
0 1
255 3
0 1
255 14
0 25
255 1
0 1
255 39
0 25
255 183
0 1
255 12
0 1
255 49
0 1
255 3
0 1
255 14
0 25
255 42
0 24
255 246
0 1
255 3
0 1
255 14
0 26
255 39
0 1
255 1
0 24
255 246
0 1
255 3
0 1
255 14
0 26
255 9
0 3
255 14
0 6
255 9
0 24
255 246
0 1
255 3
0 1
255 14
0 26
255 10
0 9
255 2
0 6
255 1
0 3
255 9
0 25
255 246
0 1
255 3
0 1
255 14
0 27
255 10
0 1
255 17
0 1
255 10
0 25
255 181
0 1
255 62
0 1
255 1
0 1
255 3
0 1
255 14
0 27
255 11
0 1
255 15
0 1
255 8
0 1
255 2
0 25
255 8
0 4
255 2
0 2
255 2
0 4
255 1
0 3
255 5
0 4
255 2
0 2
255 3
0 5
255 4
0 2
255 2
0 2
255 3
0 2
255 3
0 1
255 1
0 2
255 2
0 1
255 4
0 4
255 1
0 5
255 1
0 5
255 2
0 4
255 1
0 5
255 1
0 5
255 136
0 1
255 3
0 1
255 14
0 27
255 13
0 2
255 9
0 3
255 11
0 26
255 2
0 2
255 4
0 1
255 2
0 1
255 1
0 3
255 2
0 1
255 1
0 2
255 1
0 1
255 1
0 2
255 3
0 2
255 2
0 2
255 1
0 2
255 3
0 2
255 2
0 2
255 3
0 3
255 1
0 2
255 3
0 2
255 3
0 1
255 1
0 3
255 1
0 1
255 4
0 2
255 1
0 2
255 2
0 2
255 2
0 2
255 2
0 2
255 1
0 1
255 4
0 2
255 6
0 1
255 138
0 1
255 3
0 1
255 14
0 28
255 24
0 2
255 11
0 26
255 2
0 1
255 1
0 1
255 5
0 2
255 3
0 1
255 4
0 2
255 1
0 1
255 1
0 2
255 3
0 1
255 4
0 1
255 1
0 2
255 3
0 2
255 2
0 2
255 3
0 3
255 1
0 2
255 2
0 4
255 2
0 1
255 1
0 3
255 1
0 1
255 4
0 4
255 3
0 2
255 2
0 5
255 2
0 4
255 1
0 5
255 3
0 1
255 138
0 1
255 3
0 1
255 14
0 28
255 23
0 2
255 12
0 26
255 2
0 3
255 5
0 1
255 4
0 1
255 3
0 2
255 2
0 1
255 1
0 2
255 3
0 1
255 4
0 1
255 1
0 2
255 3
0 2
255 2
0 2
255 3
0 6
255 2
0 4
255 2
0 1
255 1
0 6
255 5
0 3
255 2
0 2
255 2
0 4
255 3
0 3
255 2
0 2
255 2
0 1
255 3
0 1
255 138
0 1
255 3
0 1
255 14
0 28
255 36
0 27
255 2
0 1
255 1
0 1
255 4
0 1
255 5
0 1
255 2
0 2
255 3
0 1
255 1
0 2
255 3
0 2
255 2
0 2
255 1
0 2
255 3
0 2
255 2
0 2
255 3
0 4
255 1
0 1
255 1
0 6
255 1
0 1
255 1
0 2
255 1
0 3
255 3
0 1
255 2
0 2
255 2
0 2
255 2
0 2
255 1
0 2
255 2
0 1
255 4
0 2
255 6
0 1
255 138
0 1
255 3
0 1
255 14
0 29
255 23
0 1
255 10
0 28
255 2
0 3
255 3
0 4
255 3
0 1
255 2
0 4
255 1
0 3
255 5
0 4
255 2
0 10
255 4
0 4
255 1
0 1
255 1
0 2
255 3
0 1
255 1
0 1
255 1
0 2
255 2
0 1
255 4
0 5
255 2
0 2
255 2
0 2
255 2
0 2
255 1
0 10
255 3
0 1
255 138
0 1
255 3
0 1
255 14
0 29
255 33
0 29
255 246
0 1
255 3
0 1
255 14
0 29
255 33
0 29
255 246
0 1
255 3
0 1
255 14
0 31
255 30
0 30
255 183
0 1
255 62
0 1
255 3
0 1
255 14
0 31
255 27
0 1
255 2
0 30
255 246
0 1
255 3
0 1
255 14
0 24
255 2
0 6
255 26
0 1
255 1
0 31
255 10
0 2
255 3
0 1
255 3
0 1
255 1
0 1
255 3
0 6
255 2
0 4
255 1
0 2
255 2
0 1
255 2
0 1
255 1
0 2
255 2
0 1
255 3
0 5
255 1
0 2
255 2
0 1
255 5
0 1
255 3
0 3
255 2
0 2
255 4
0 1
255 3
0 3
255 4
0 3
255 2
0 3
255 2
0 3
255 2
0 3
255 131
0 1
255 3
0 1
255 14
0 24
255 3
0 7
255 24
0 33
255 10
0 2
255 3
0 2
255 2
0 1
255 1
0 2
255 1
0 2
255 2
0 2
255 2
0 2
255 2
0 4
255 1
0 3
255 1
0 1
255 1
0 2
255 2
0 1
255 5
0 2
255 3
0 1
255 1
0 2
255 4
0 2
255 2
0 2
255 1
0 1
255 1
0 1
255 1
0 2
255 3
0 2
255 1
0 3
255 5
0 1
255 1
0 2
255 1
0 1
255 1
0 1
255 2
0 1
255 1
0 1
255 1
0 2
255 1
0 1
255 131
0 1
255 3
0 1
255 14
0 24
255 4
0 6
255 23
0 34
255 9
0 3
255 3
0 3
255 1
0 1
255 2
0 3
255 3
0 2
255 2
0 1
255 3
0 2
255 1
0 1
255 1
0 3
255 1
0 1
255 1
0 3
255 1
0 1
255 5
0 2
255 3
0 3
255 5
0 2
255 5
0 1
255 3
0 2
255 2
0 3
255 1
0 3
255 5
0 1
255 1
0 4
255 1
0 4
255 1
0 4
255 1
0 1
255 69
0 1
255 7
0 1
255 53
0 1
255 3
0 1
255 14
0 23
255 5
0 8
255 19
0 36
255 9
0 1
255 1
0 2
255 2
0 5
255 2
0 2
255 4
0 2
255 2
0 1
255 3
0 2
255 1
0 3
255 1
0 3
255 1
0 5
255 5
0 2
255 4
0 2
255 6
0 1
255 4
0 2
255 3
0 2
255 1
0 1
255 1
0 2
255 1
0 4
255 3
0 2
255 1
0 4
255 1
0 4
255 1
0 4
255 1
0 1
255 71
0 1
255 7
0 1
255 51
0 1
255 3
0 1
255 14
0 23
255 5
0 2
255 1
0 6
255 18
0 36
255 8
0 5
255 2
0 1
255 1
0 3
255 3
0 1
255 4
0 2
255 2
0 1
255 3
0 2
255 1
0 3
255 1
0 3
255 1
0 1
255 2
0 2
255 5
0 2
255 3
0 3
255 6
0 1
255 3
0 2
255 5
0 1
255 1
0 4
255 4
0 1
255 1
0 4
255 1
0 2
255 1
0 1
255 1
0 4
255 1
0 1
255 1
0 2
255 1
0 1
255 67
0 1
255 1
0 1
255 61
0 1
255 3
0 1
255 14
0 22
255 6
0 2
255 2
0 6
255 15
0 38
255 8
0 2
255 2
0 2
255 1
0 1
255 2
0 2
255 3
0 1
255 4
0 2
255 2
0 5
255 2
0 2
255 2
0 2
255 2
0 1
255 2
0 2
255 5
0 2
255 2
0 2
255 1
0 2
255 5
0 1
255 2
0 4
255 1
0 4
255 3
0 2
255 1
0 4
255 4
0 3
255 2
0 3
255 2
0 3
255 2
0 3
255 76
0 1
255 54
0 1
255 3
0 1
255 14
0 21
255 7
0 2
255 3
0 7
255 12
0 7
255 2
0 30
255 8
0 1
255 4
0 1
255 1
0 1
255 7
0 1
255 10
0 2
255 4
0 1
255 3
0 1
255 6
0 1
255 9
0 1
255 3
0 1
255 5
0 1
255 2
0 4
255 2
0 2
255 8
0 2
255 6
0 2
255 3
0 1
255 4
0 1
255 3
0 2
255 80
0 1
255 1
0 3
255 47
0 1
255 3
0 1
255 14
0 21
255 5
0 3
255 6
0 7
255 7
0 7
255 5
0 30
255 199
0 1
255 46
0 1
255 3
0 1
255 14
0 22
255 5
0 3
255 6
0 20
255 5
0 30
255 198
0 1
255 1
0 2
255 44
0 1
255 3
0 1
255 14
0 22
255 5
0 3
255 7
0 16
255 9
0 29
255 246
0 1
255 3
0 1
255 14
0 22
255 6
0 2
255 10
0 11
255 11
0 29
255 246
0 1
255 3
0 1
255 14
0 22
255 43
0 26
255 202
0 1
255 43
0 1
255 3
0 1
255 14
0 23
255 42
0 26
255 201
0 2
255 43
0 1
255 3
0 1
255 14
0 20
255 2
0 1
255 42
0 26
255 202
0 2
255 42
0 1
255 3
0 1
255 14
0 19
255 46
0 26
255 246
0 1
255 3
0 1
255 14
0 18
255 48
0 25
255 246
0 1
255 3
0 1
255 14
0 17
255 49
0 25
255 246
0 1
255 3
0 1
255 14
0 16
255 50
0 25
255 87
0 2
255 90
0 7
255 60
0 1
255 3
0 1
255 14
0 14
255 52
0 25
255 87
0 3
255 89
0 8
255 59
0 1
255 3
0 1
255 14
0 7
255 60
0 24
255 86
0 4
255 89
0 3
255 2
0 4
255 58
0 1
255 3
0 1
255 14
0 6
255 61
0 24
255 86
0 5
255 88
0 3
255 3
0 3
255 58
0 1
255 3
0 1
255 14
0 4
255 64
0 23
255 85
0 3
255 1
0 2
255 64
0 5
255 9
0 1
255 9
0 3
255 3
0 3
255 58
0 1
255 3
0 1
255 14
0 2
255 67
0 17
255 4
0 1
255 30
0 6
255 11
0 1
255 5
0 1
255 6
0 2
255 1
0 2
255 20
0 2
255 2
0 2
255 64
0 5
255 9
0 2
255 8
0 8
255 59
0 1
255 3
0 1
255 83
0 14
255 29
0 1
255 2
0 3
255 3
0 2
255 2
0 2
255 2
0 2
255 2
0 3
255 1
0 3
255 1
0 2
255 1
0 1
255 2
0 3
255 1
0 2
255 1
0 1
255 2
0 3
255 2
0 4
255 2
0 2
255 6
0 2
255 2
0 3
255 53
0 3
255 7
0 2
255 4
0 4
255 2
0 4
255 8
0 7
255 60
0 1
255 3
0 1
255 85
0 11
255 29
0 2
255 4
0 1
255 3
0 5
255 2
0 6
255 1
0 1
255 1
0 2
255 1
0 3
255 1
0 1
255 1
0 4
255 1
0 2
255 1
0 7
255 1
0 4
255 1
0 4
255 4
0 8
255 52
0 1
255 2
0 1
255 1
0 3
255 3
0 5
255 1
0 4
255 1
0 5
255 8
0 3
255 64
0 1
255 3
0 1
255 88
0 6
255 32
0 1
255 3
0 1
255 4
0 5
255 1
0 5
255 1
0 3
255 2
0 1
255 1
0 2
255 2
0 1
255 1
0 2
255 3
0 2
255 1
0 4
255 2
0 1
255 1
0 1
255 2
0 1
255 1
0 4
255 4
0 9
255 52
0 3
255 2
0 2
255 3
0 2
255 4
0 2
255 1
0 3
255 2
0 2
255 8
0 3
255 64
0 1
255 3
0 1
255 126
0 1
255 2
0 1
255 5
0 2
255 2
0 1
255 1
0 2
255 1
0 1
255 4
0 2
255 1
0 1
255 1
0 2
255 2
0 1
255 1
0 2
255 1
0 1
255 1
0 2
255 1
0 4
255 1
0 2
255 1
0 1
255 2
0 1
255 1
0 1
255 1
0 2
255 3
0 3
255 5
0 2
255 54
0 3
255 1
0 1
255 3
0 2
255 4
0 1
255 2
0 4
255 1
0 2
255 8
0 3
255 64
0 1
255 3
0 1
255 126
0 1
255 2
0 3
255 3
0 2
255 2
0 2
255 1
0 3
255 2
0 3
255 2
0 4
255 2
0 1
255 2
0 3
255 1
0 5
255 1
0 3
255 2
0 1
255 2
0 1
255 1
0 4
255 3
0 2
255 6
0 2
255 52
0 2
255 2
0 3
255 3
0 5
255 1
0 1
255 2
0 1
255 1
0 5
255 8
0 3
255 64
0 1
255 3
0 1
255 83
0 1
255 267
0 1
255 3
0 1
255 351
0 1
255 3
0 1
255 27
0 2
255 47
0 2
255 273
0 1
255 3
0 1
255 25
0 5
255 45
0 4
255 221
0 1
255 2
0 1
255 1
0 1
255 1
0 1
255 43
0 1
255 3
0 1
255 14
0 3
255 7
0 2
255 2
0 2
255 45
0 1
255 2
0 1
255 225
0 2
255 2
0 1
255 42
0 1
255 3
0 1
255 13
0 1
255 2
0 3
255 5
0 1
255 2
0 2
255 45
0 2
255 2
0 1
255 76
0 6
255 8
0 4
255 6
0 2
255 52
0 8
255 43
0 8
255 3
0 3
255 6
0 3
255 3
0 3
255 9
0 2
255 9
0 3
255 15
0 1
255 3
0 1
255 18
0 10
255 46
0 1
255 3
0 1
255 76
0 6
255 7
0 5
255 5
0 3
255 52
0 7
255 44
0 9
255 2
0 3
255 6
0 3
255 3
0 3
255 7
0 7
255 4
0 7
255 13
0 1
255 3
0 1
255 21
0 4
255 48
0 2
255 3
0 1
255 31
0 2
255 43
0 2
255 10
0 3
255 1
0 3
255 4
0 3
255 52
0 3
255 48
0 3
255 3
0 3
255 2
0 3
255 6
0 2
255 4
0 3
255 6
0 8
255 3
0 9
255 12
0 1
255 3
0 1
255 22
0 2
255 49
0 1
255 3
0 2
255 30
0 3
255 43
0 4
255 8
0 2
255 3
0 2
255 3
0 4
255 52
0 3
255 48
0 3
255 3
0 3
255 2
0 2
255 7
0 2
255 4
0 3
255 5
0 10
255 1
0 10
255 12
0 1
255 3
0 1
255 22
0 1
255 50
0 1
255 3
0 2
255 29
0 3
255 24
0 2
255 2
0 2
255 14
0 5
255 7
0 2
255 3
0 2
255 2
0 2
255 1
0 2
255 34
0 3
255 15
0 7
255 20
0 5
255 19
0 8
255 3
0 3
255 6
0 2
255 4
0 3
255 5
0 22
255 11
0 1
255 3
0 1
255 22
0 1
255 50
0 1
255 2
0 2
255 29
0 2
255 1
0 1
255 14
0 1
255 3
0 2
255 4
0 2
255 2
0 2
255 6
0 2
255 6
0 2
255 2
0 2
255 6
0 2
255 3
0 2
255 2
0 2
255 1
0 2
255 23
0 1
255 2
0 3
255 4
0 2
255 1
0 2
255 14
0 7
255 11
0 1
255 2
0 3
255 3
0 1
255 23
0 9
255 2
0 3
255 6
0 2
255 4
0 3
255 5
0 22
255 11
0 1
255 3
0 1
255 22
0 1
255 4
0 4
255 4
0 2
255 1
0 2
255 4
0 2
255 4
0 4
255 19
0 1
255 2
0 1
255 29
0 2
255 1
0 1
255 14
0 2
255 2
0 1
255 6
0 6
255 1
0 7
255 10
0 2
255 1
0 4
255 1
0 2
255 3
0 2
255 1
0 3
255 1
0 3
255 21
0 2
255 2
0 1
255 6
0 4
255 2
0 4
255 1
0 4
255 4
0 3
255 14
0 2
255 2
0 1
255 1
0 1
255 3
0 2
255 3
0 1
255 2
0 1
255 1
0 4
255 1
0 4
255 5
0 3
255 4
0 2
255 2
0 2
255 7
0 2
255 4
0 3
255 5
0 22
255 11
0 1
255 3
0 1
255 17
0 6
255 2
0 3
255 1
0 2
255 3
0 7
255 8
0 2
255 2
0 1
255 3
0 1
255 14
0 2
255 1
0 2
255 28
0 2
255 2
0 1
255 15
0 1
255 2
0 3
255 4
0 8
255 1
0 2
255 1
0 1
255 11
0 2
255 2
0 3
255 1
0 3
255 2
0 2
255 1
0 8
255 21
0 1
255 2
0 3
255 5
0 4
255 1
0 4
255 1
0 3
255 5
0 3
255 15
0 1
255 2
0 3
255 3
0 3
255 2
0 4
255 1
0 8
255 6
0 3
255 4
0 3
255 1
0 3
255 6
0 3
255 3
0 3
255 4
0 3
255 1
0 1
255 1
0 1
255 1
0 1
255 3
0 2
255 1
0 1
255 1
0 1
255 1
0 1
255 1
0 2
255 11
0 1
255 3
0 1
255 15
0 3
255 2
0 2
255 2
0 2
255 3
0 2
255 2
0 2
255 1
0 2
255 1
0 2
255 2
0 1
255 4
0 2
255 2
0 2
255 1
0 3
255 7
0 2
255 5
0 4
255 6
0 1
255 7
0 1
255 2
0 2
255 4
0 3
255 3
0 1
255 2
0 1
255 16
0 1
255 2
0 1
255 1
0 1
255 4
0 2
255 2
0 4
255 1
0 2
255 1
0 1
255 6
0 3
255 2
0 2
255 7
0 2
255 1
0 3
255 5
0 3
255 22
0 1
255 4
0 1
255 4
0 1
255 2
0 2
255 1
0 4
255 1
0 3
255 5
0 3
255 15
0 1
255 2
0 1
255 1
0 1
255 3
0 1
255 4
0 4
255 1
0 4
255 1
0 4
255 5
0 4
255 1
0 4
255 2
0 3
255 6
0 3
255 1
0 4
255 5
0 3
255 1
0 1
255 2
0 2
255 6
0 2
255 4
0 2
255 11
0 1
255 3
0 1
255 14
0 2
255 5
0 1
255 2
0 1
255 3
0 3
255 1
0 2
255 1
0 3
255 1
0 1
255 2
0 2
255 3
0 2
255 5
0 2
255 1
0 1
255 7
0 1
255 6
0 3
255 2
0 6
255 2
0 10
255 3
0 5
255 1
0 1
255 2
0 2
255 16
0 1
255 2
0 3
255 4
0 2
255 2
0 2
255 1
0 4
255 1
0 2
255 6
0 5
255 8
0 5
255 6
0 2
255 23
0 1
255 2
0 1
255 1
0 1
255 4
0 5
255 1
0 4
255 1
0 4
255 4
0 3
255 15
0 1
255 2
0 3
255 3
0 5
255 1
0 2
255 2
0 4
255 1
0 4
255 5
0 9
255 2
0 8
255 2
0 7
255 6
0 2
255 1
0 1
255 2
0 2
255 2
0 1
255 1
0 1
255 1
0 2
255 3
0 3
255 11
0 1
255 3
0 1
255 14
0 1
255 6
0 1
255 1
0 1
255 3
0 3
255 2
0 1
255 2
0 2
255 1
0 2
255 2
0 2
255 2
0 2
255 5
0 5
255 6
0 2
255 4
0 4
255 2
0 2
255 2
0 2
255 2
0 2
255 1
0 6
255 1
0 1
255 2
0 2
255 3
0 1
255 1
0 1
255 1
0 2
255 28
0 1
255 2
0 1
255 2
0 4
255 2
0 1
255 7
0 3
255 10
0 3
255 7
0 2
255 27
0 1
255 6
0 3
255 3
0 2
255 2
0 1
255 2
0 1
255 5
0 1
255 25
0 5
255 1
0 2
255 3
0 2
255 2
0 3
255 7
0 7
255 3
0 8
255 3
0 5
255 7
0 2
255 2
0 2
255 2
0 3
255 1
0 2
255 2
0 3
255 1
0 2
255 11
0 1
255 3
0 1
255 13
0 1
255 7
0 3
255 3
0 2
255 2
0 1
255 2
0 2
255 2
0 1
255 2
0 3
255 2
0 2
255 5
0 3
255 4
0 2
255 2
0 2
255 2
0 3
255 1
0 2
255 1
0 2
255 2
0 3
255 1
0 2
255 1
0 3
255 1
0 2
255 1
0 2
255 1
0 2
255 4
0 1
255 1
0 3
255 4
0 3
255 28
0 4
255 119
0 3
255 18
0 1
255 31
0 21
255 12
0 1
255 3
0 1
255 13
0 1
255 7
0 3
255 2
0 3
255 1
0 2
255 2
0 1
255 2
0 2
255 1
0 4
255 1
0 4
255 1
0 11
255 3
0 1
255 1
0 3
255 3
0 4
255 2
0 3
255 1
0 2
255 2
0 2
255 1
0 2
255 1
0 2
255 1
0 2
255 4
0 2
255 1
0 3
255 3
0 4
255 3
0 1
255 147
0 1
255 16
0 14
255 23
0 19
255 13
0 1
255 3
0 1
255 13
0 1
255 6
0 2
255 1
0 5
255 1
0 2
255 2
0 2
255 2
0 4
255 2
0 3
255 2
0 3
255 5
0 3
255 5
0 4
255 4
0 4
255 1
0 3
255 1
0 2
255 2
0 2
255 1
0 2
255 2
0 15
255 3
0 3
255 2
0 2
255 164
0 9
255 1
0 6
255 23
0 17
255 14
0 1
255 3
0 1
255 13
0 1
255 6
0 2
255 1
0 2
255 2
0 3
255 33
0 3
255 6
0 6
255 1
0 3
255 10
0 4
255 2
0 6
255 2
0 10
255 166
0 8
255 2
0 7
255 23
0 14
255 15
0 1
255 3
0 1
255 13
0 1
255 6
0 1
255 44
0 1
255 6
0 2
255 20
0 1
255 58
0 2
255 3
0 2
255 4
0 2
255 5
0 1
255 3
0 3
255 3
0 3
255 1
0 5
255 2
0 3
255 2
0 3
255 4
0 2
255 3
0 3
255 3
0 2
255 4
0 2
255 3
0 3
255 3
0 3
255 3
0 2
255 3
0 3
255 3
0 3
255 3
0 3
255 2
0 3
255 15
0 22
255 15
0 3
255 2
0 2
255 1
0 11
255 17
0 1
255 3
0 1
255 13
0 1
255 6
0 1
255 44
0 1
255 6
0 2
255 19
0 2
255 41
0 4
255 2
0 5
255 5
0 3
255 2
0 4
255 2
0 4
255 3
0 2
255 3
0 3
255 2
0 4
255 1
0 5
255 1
0 2
255 1
0 2
255 1
0 4
255 2
0 4
255 1
0 5
255 1
0 4
255 2
0 4
255 1
0 5
255 1
0 4
255 2
0 4
255 1
0 5
255 1
0 5
255 1
0 4
255 1
0 5
255 14
0 24
255 23
0 7
255 19
0 1
255 3
0 1
255 13
0 1
255 5
0 2
255 44
0 2
255 5
0 2
255 19
0 1
255 32
0 1
255 9
0 5
255 1
0 6
255 3
0 4
255 2
0 1
255 2
0 2
255 3
0 2
255 2
0 3
255 2
0 2
255 4
0 1
255 7
0 1
255 2
0 2
255 1
0 4
255 2
0 1
255 2
0 1
255 1
0 2
255 1
0 2
255 1
0 2
255 1
0 1
255 2
0 4
255 2
0 1
255 1
0 2
255 1
0 2
255 1
0 2
255 1
0 4
255 2
0 1
255 1
0 2
255 1
0 2
255 1
0 2
255 1
0 5
255 1
0 4
255 1
0 2
255 13
0 3
255 1
0 3
255 1
0 1
255 1
0 7
255 1
0 8
255 5
0 1
255 17
0 5
255 20
0 1
255 3
0 1
255 13
0 2
255 4
0 2
255 45
0 1
255 5
0 1
255 19
0 1
255 32
0 1
255 10
0 2
255 2
0 4
255 2
0 2
255 5
0 2
255 5
0 1
255 3
0 2
255 3
0 1
255 1
0 2
255 1
0 4
255 2
0 4
255 3
0 2
255 3
0 3
255 2
0 1
255 2
0 4
255 2
0 1
255 1
0 2
255 1
0 2
255 1
0 1
255 2
0 4
255 2
0 1
255 1
0 2
255 1
0 2
255 1
0 2
255 1
0 4
255 2
0 4
255 1
0 2
255 1
0 2
255 1
0 2
255 1
0 1
255 2
0 4
255 1
0 2
255 19
0 1
255 9
0 10
255 25
0 2
255 21
0 1
255 3
0 1
255 14
0 1
255 3
0 2
255 46
0 2
255 4
0 1
255 19
0 1
255 32
0 3
255 8
0 2
255 2
0 4
255 2
0 2
255 5
0 2
255 4
0 2
255 4
0 2
255 1
0 2
255 1
0 2
255 4
0 4
255 2
0 2
255 2
0 1
255 3
0 2
255 1
0 2
255 1
0 4
255 1
0 2
255 2
0 1
255 1
0 2
255 1
0 2
255 1
0 1
255 2
0 4
255 2
0 1
255 1
0 2
255 1
0 2
255 1
0 2
255 1
0 4
255 2
0 1
255 1
0 2
255 1
0 2
255 1
0 2
255 1
0 2
255 1
0 1
255 2
0 4
255 1
0 2
255 21
0 2
255 41
0 1
255 22
0 1
255 3
0 1
255 14
0 1
255 3
0 2
255 47
0 1
255 4
0 1
255 18
0 2
255 34
0 1
255 8
0 2
255 2
0 1
255 1
0 2
255 2
0 2
255 5
0 2
255 3
0 2
255 6
0 1
255 1
0 5
255 4
0 2
255 1
0 1
255 2
0 2
255 2
0 1
255 3
0 2
255 1
0 2
255 4
0 1
255 2
0 1
255 2
0 1
255 1
0 2
255 1
0 2
255 1
0 1
255 2
0 1
255 1
0 2
255 2
0 1
255 1
0 2
255 1
0 2
255 1
0 2
255 1
0 2
255 1
0 1
255 2
0 1
255 1
0 2
255 1
0 2
255 1
0 2
255 1
0 2
255 1
0 1
255 2
0 1
255 1
0 2
255 1
0 2
255 87
0 1
255 3
0 1
255 15
0 4
255 48
0 2
255 2
0 2
255 52
0 1
255 1
0 1
255 8
0 5
255 1
0 5
255 6
0 2
255 2
0 5
255 1
0 4
255 4
0 2
255 1
0 5
255 1
0 4
255 2
0 2
255 3
0 5
255 1
0 4
255 2
0 4
255 1
0 4
255 2
0 4
255 2
0 4
255 1
0 5
255 1
0 4
255 2
0 4
255 2
0 4
255 1
0 4
255 2
0 4
255 1
0 5
255 87
0 1
255 3
0 1
255 68
0 4
255 54
0 1
255 9
0 4
255 3
0 3
255 11
0 4
255 3
0 2
255 9
0 2
255 4
0 2
255 9
0 3
255 3
0 2
255 4
0 2
255 3
0 3
255 3
0 2
255 4
0 2
255 3
0 3
255 3
0 3
255 3
0 2
255 4
0 2
255 3
0 3
255 3
0 2
255 3
0 3
255 30
0 1
255 8
0 1
255 48
0 1
255 3
0 2
255 350
0 1
255 3
0 2
255 350
0 1
255 4
0 1
255 349
0 2
255 4
0 1
255 349
0 2
255 5
0 1
255 348
0 1
255 6
0 1
255 347
0 2
255 7
0 1
255 345
0 2
255 8
0 2
255 343
0 2
255 10
0 2
255 341
0 2
255 12
0 3
255 337
0 3
255 15
0 4
255 330
0 5
255 20
0 333
255 368
